[[-0.66034611]
 [-0.55402106]
 [ 2.41962494]
 [-2.69179068]
 [-0.66034611]
 [-0.55402106]
 [ 2.41962494]
 [-2.69179068]]
[[ 1.         -0.66034611]
 [ 1.         -0.55402106]
 [ 1.          2.41962494]
 [ 1.         -2.69179068]
 [ 1.         -0.66034611]
 [ 1.         -0.55402106]
 [ 1.          2.41962494]
 [ 1.         -2.69179068]]
[[ 0.16982751]
 [ 0.77701053]
 [ 1.70981247]
 [ 1.84589539]
 [ 0.16982751]
 [ 0.77701053]
 [ 1.70981247]
 [ 1.84589539]]
[[ 0.16982751]
 [ 0.77701053]
 [ 1.70981247]
 [ 1.84589539]
 [ 0.16982751]
 [ 0.77701053]
 [ 1.70981247]
 [ 1.84589539]]
alpha above

0
oS.alphas
 [[ 0.16982751]
 [ 0.77701053]
 [ 1.70981247]
 [ 1.84589539]
 [ 0.16982751]
 [ 0.77701053]
 [ 1.70981247]
 [ 1.84589539]]
L, H, alphaiold 0 [[ 1.87963998]] [[ 0.16982751]]

1
oS.alphas
 [[ 1.70981303]
 [ 0.77701053]
 [ 0.16982695]
 [ 1.84589539]
 [ 0.16982751]
 [ 0.77701053]
 [ 1.70981247]
 [ 1.84589539]]
L, H, alphaiold [[ 0.62290592]] 2 [[ 0.77701053]]

2
oS.alphas
 [[ 1.70981303]
 [ 1.8458951 ]
 [ 0.16982695]
 [ 0.77701082]
 [ 0.16982751]
 [ 0.77701053]
 [ 1.70981247]
 [ 1.84589539]]
L, H, alphaiold [[ 1.67606816]] 2 [[ 0.16982695]]

3
oS.alphas
 [[ 1.70981303]
 [ 1.67606816]
 [ 0.        ]
 [ 0.77701082]
 [ 0.16982751]
 [ 0.77701053]
 [ 1.70981247]
 [ 1.84589539]]
L, H, alphaiold [[ 0.93280222]] 2 [[ 0.77701082]]

4

5
oS.alphas
 [[ 0.93280222]
 [ 1.67606816]
 [ 0.        ]
 [ 0.        ]
 [ 0.16982751]
 [ 0.77701053]
 [ 1.70981247]
 [ 1.84589539]]
L, H, alphaiold 0 [[ 1.22298947]] [[ 0.77701053]]
j not moving enough

6
oS.alphas
 [[ 0.93280222]
 [ 1.67606816]
 [ 0.        ]
 [ 0.        ]
 [ 0.16982751]
 [ 0.77701053]
 [ 1.70981247]
 [ 1.84589539]]
L, H, alphaiold 0 [[ 1.96625569]] [[ 1.70981247]]

7
oS.alphas
 [[ 0.93280222]
 [ 0.59462258]
 [ 0.        ]
 [ 0.        ]
 [ 0.16982751]
 [ 0.77701053]
 [ 0.62836689]
 [ 1.84589539]]
L, H, alphaiold 0 [[ 1.08690683]] [[ 1.84589539]]


