[[-0.66034611]
 [-0.55402106]
 [ 2.41962494]
 [-2.69179068]
 [-0.66034611]
 [-0.55402106]
 [ 2.41962494]
 [-2.69179068]]
[[ 1.         -0.66034611]
 [ 1.         -0.55402106]
 [ 1.          2.41962494]
 [ 1.         -2.69179068]
 [ 1.         -0.66034611]
 [ 1.         -0.55402106]
 [ 1.          2.41962494]
 [ 1.         -2.69179068]]
[[ 0.16982751]
 [ 0.77701053]
 [ 1.70981247]
 [ 1.84589539]
 [ 0.16982751]
 [ 0.77701053]
 [ 1.70981247]
 [ 1.84589539]]
[[ 0.16982751]
 [ 0.77701053]
 [ 1.70981247]
 [ 1.84589539]
 [ 0.16982751]
 [ 0.77701053]
 [ 1.70981247]
 [ 1.84589539]]
alpha above

[[-0.66034611]
 [-0.55402106]
 [ 2.41962494]
 [-2.69179068]
 [-0.66034611]
 [-0.55402106]
 [ 2.41962494]
 [-2.69179068]]
0
meta.a
 [[ 0.16982751]
 [ 0.77701053]
 [ 1.70981247]
 [ 1.84589539]
 [ 0.16982751]
 [ 0.77701053]
 [ 1.70981247]
 [ 1.84589539]]
L, H, alphaiold 0.0 1.8796399799999999 0.16982751
1
meta.a
 [[ 1.70981303]
 [ 0.77701053]
 [ 0.16982695]
 [ 1.84589539]
 [ 0.16982751]
 [ 0.77701053]
 [ 1.70981247]
 [ 1.84589539]]
L, H, alphaiold 0.62290592 2 0.77701053
2
meta.a
 [[ 1.70981303]
 [ 1.8458951 ]
 [ 0.16982695]
 [ 0.77701082]
 [ 0.16982751]
 [ 0.77701053]
 [ 1.70981247]
 [ 1.84589539]]
L, H, alphaiold 1.676068157170481 2 0.16982694533631681
3
meta.a
 [[ 1.70981303]
 [ 1.67606816]
 [ 0.        ]
 [ 0.77701082]
 [ 0.16982751]
 [ 0.77701053]
 [ 1.70981247]
 [ 1.84589539]]
L, H, alphaiold 0.9328022171704808 2 0.7770108174932022
4
5
meta.a
 [[ 0.93280222]
 [ 1.67606816]
 [ 0.        ]
 [ 0.        ]
 [ 0.16982751]
 [ 0.77701053]
 [ 1.70981247]
 [ 1.84589539]]
L, H, alphaiold 0.0 1.22298947 0.77701053
j not moving enough
6
meta.a
 [[ 0.93280222]
 [ 1.67606816]
 [ 0.        ]
 [ 0.        ]
 [ 0.16982751]
 [ 0.77701053]
 [ 1.70981247]
 [ 1.84589539]]
L, H, alphaiold 0.0 1.966255687170481 1.70981247
7
meta.a
 [[ 0.93280222]
 [ 0.59462258]
 [ 0.        ]
 [ 0.        ]
 [ 0.16982751]
 [ 0.77701053]
 [ 0.62836689]
 [ 1.84589539]]
L, H, alphaiold 0.0 1.086906827170481 1.84589539
